174
6424
6830
7203
7979
9009
11798
13213
14061
14956
16141
18779
19148
20454
20473
21769
23033
24961
26658
27411
30058
36352
38186
39855
40676
43180
46261
47007
48090
50077
53850
53856
54903
55470
56887
62874
64249
64286
64445
132817
133296
133499
133944
134450
135377
136557
150436
152179
154395
197540
199081
199218
200373
201207
201341
202015
202914
203020
203061
204287
204646
205659
207990
208137
209709
211680
212238
214669
215930
218785
263735
263829
393886
394380
394474
395954
396190
396319
396356
398781
400529
400810
401152
401560
